  0  0.296  0.000  0.000  0.000  0.000  0.000  0.000  0.000  0.000  0.000  0.000  0.200  0.000  0.727
  0  0.259  0.000  0.000  0.000  0.000  0.000  0.000  0.000  0.000  0.000  0.000  0.000  0.000  1.000
  0  0.444  0.323  0.100  0.083  0.000  0.000  0.000  0.800  0.667  0.000  0.000  0.000  0.000  0.182
  1  0.778  0.323  0.400  0.333  0.000  1.000  0.000  1.000  0.000  0.667  0.000  0.000  0.400  0.000
  1  1.000  0.387  0.300  0.250  0.000  0.727  0.000  1.000  0.000  0.667  0.000  0.000  0.400  0.000
  1  0.889  0.452  0.200  0.167  0.000  1.000  0.000  1.000  0.000  0.667  0.000  0.000  0.400  0.000
  2  0.296  0.258  0.200  0.250  0.000  0.000  0.000  0.000  0.000  0.333  0.500  0.200  0.000  0.000
  2  0.296  0.161  0.300  0.333  0.000  0.000  0.000  0.000  0.000  0.333  0.500  0.200  0.200  0.000
  2  0.444  0.290  0.200  0.167  0.000  0.000  0.000  0.000  0.000  0.333  0.500  0.200  0.000  0.000
  3  0.444  0.581  0.300  0.250  0.000  0.636  0.000  0.200  0.000  0.333  0.000  0.000  0.200  0.000
  3  0.370  0.581  0.300  0.250  0.000  0.636  0.000  0.200  0.000  0.333  0.000  0.000  0.200  0.000
  3  0.370  0.710  0.100  0.083  0.000  0.636  0.000  0.200  0.000  0.333  0.000  0.000  0.200  0.000
  4  0.926  0.290  0.000  0.000  0.000  1.000  0.000  1.000  0.000  0.000  0.000  0.000  0.000  0.000
  4  0.926  0.290  0.000  0.000  0.000  1.000  0.000  1.000  0.000  0.000  0.000  0.000  0.000  0.000
  4  0.926  0.290  0.000  0.000  0.000  1.000  0.000  1.000  0.000  0.000  0.000  0.000  0.000  0.000
  5  0.519  0.290  0.000  0.000  0.000  0.364  0.000  1.000  0.000  0.000  0.000  0.000  0.000  0.000
  5  0.667  0.290  0.000  0.000  0.000  0.364  0.000  1.000  0.000  0.000  0.000  0.000  0.000  0.000
  5  0.556  0.323  0.000  0.000  0.000  0.364  0.000  1.000  0.000  0.000  0.000  0.000  0.000  0.000
  6  0.333  0.226  0.200  0.333  0.000  0.000  0.000  0.000  1.000  0.333  0.500  0.200  0.200  0.000
  6  0.333  0.226  0.200  0.250  0.000  0.000  0.000  0.000  1.000  0.333  1.000  0.200  0.000  0.000
  6  0.519  0.323  0.100  0.167  0.000  0.000  0.000  0.000  1.000  0.000  0.500  0.200  0.200  0.000
  7  0.296  0.581  0.000  0.000  0.000  0.364  0.750  0.800  0.667  0.000  0.000  0.000  0.000  0.000
  7  0.296  0.581  0.000  0.000  0.000  0.364  0.750  0.800  0.667  0.000  0.000  0.000  0.000  0.000
  7  0.296  0.710  0.000  0.000  0.000  0.364  0.750  0.800  0.667  0.000  0.000  0.000  0.000  0.000
  8  0.000  0.323  0.000  0.000  0.000  0.000  0.000  0.000  0.000  0.000  0.000  0.000  0.000  0.000
  8  0.000  0.387  0.000  0.000  0.000  0.000  0.000  0.000  0.000  0.000  0.000  0.000  0.000  0.000
  8  0.000  0.452  0.000  0.000  0.000  0.000  0.000  0.000  0.000  0.000  0.000  0.000  0.000  0.000
  9  0.000  0.323  0.100  0.083  0.000  0.000  0.000  0.000  0.000  0.000  0.000  0.000  0.200  0.000
  9  0.000  0.355  0.100  0.083  0.000  0.000  0.000  0.000  0.000  0.000  0.000  0.000  0.200  0.000
  9  0.000  0.387  0.100  0.083  0.000  0.000  0.000  0.000  0.000  0.000  0.000  0.000  0.200  0.000
 10  0.037  0.290  0.700  0.333  0.000  0.091  0.000  0.800  0.000  0.000  0.500  0.200  0.000  0.000
 10  0.037  0.290  0.600  0.417  0.000  0.091  0.000  0.800  0.000  0.000  0.500  0.200  0.000  0.000
 10  0.000  0.355  0.400  0.500  0.000  0.364  0.000  0.800  0.000  0.000  0.000  0.200  0.000  0.000
 11  0.333  0.387  0.000  0.000  0.000  0.636  0.000  0.000  0.000  0.000  0.000  0.000  0.000  0.000
 11  0.333  0.387  0.000  0.000  0.000  0.636  0.000  0.000  0.000  0.000  0.000  0.000  0.000  0.000
 11  0.333  0.419  0.000  0.000  0.000  0.636  0.000  0.000  0.000  0.000  0.000  0.000  0.000  0.000
 12  0.000  0.645  0.400  0.333  0.000  0.000  0.000  0.000  0.000  0.000  0.000  0.000  0.000  0.000
 12  0.000  0.935  0.200  0.167  0.000  0.000  0.000  0.000  0.000  0.000  0.000  0.600  0.600  0.000
 12  0.000  0.774  0.400  0.333  0.000  0.000  0.000  0.000  0.000  0.000  0.000  0.000  0.000  0.000
 13  0.000  0.710  0.200  0.000  0.000  0.000  0.000  0.000  0.000  0.000  0.000  0.000  0.000  0.000
 13  0.000  0.710  0.200  0.000  0.000  0.000  0.000  0.000  0.000  0.000  0.000  0.000  0.000  0.000
 13  0.000  0.774  0.200  0.000  0.000  0.000  0.000  0.000  0.000  0.000  0.000  0.000  0.000  0.000
 14  0.296  0.452  0.400  0.333  0.000  0.000  0.000  0.000  0.000  0.333  0.500  0.200  0.200  0.000
 14  0.296  0.387  0.400  0.333  0.000  0.000  0.000  0.000  0.000  0.333  0.500  0.200  0.200  0.000
 14  0.444  0.516  0.200  0.167  0.000  0.000  0.000  0.000  0.000  0.333  0.500  0.200  0.200  0.000
 15  0.593  0.355  0.100  0.083  0.000  0.364  0.000  1.000  0.000  0.333  0.000  0.000  0.200  0.000
 15  0.593  0.387  0.100  0.083  0.000  0.364  0.000  1.000  0.000  0.333  0.000  0.000  0.200  0.000
 15  0.593  0.419  0.100  0.083  0.000  0.364  0.000  1.000  0.000  0.333  0.000  0.000  0.200  0.000
 16  0.296  0.516  0.200  0.167  0.000  0.000  0.000  0.000  0.889  0.333  0.500  0.200  0.200  0.000
 16  0.222  0.323  0.400  0.333  0.000  0.000  0.000  0.000  0.889  0.333  0.500  0.200  0.200  0.000
 16  0.370  0.452  0.200  0.167  0.000  0.000  0.000  0.000  0.889  0.333  0.500  0.200  0.200  0.000
 17  0.481  0.355  0.700  0.083  0.000  0.364  0.000  1.000  0.000  0.333  0.000  0.000  0.200  0.000
 17  0.481  0.387  0.600  0.083  0.000  0.364  0.000  1.000  0.000  0.333  0.000  0.000  0.200  0.000
 17  0.519  0.484  0.300  0.083  0.000  0.364  0.000  1.000  0.000  0.333  0.000  0.000  0.200  0.000
 18  0.519  0.032  0.500  0.250  0.000  0.000  0.000  0.000  0.000  1.000  0.500  0.200  0.200  0.000
 18  0.370  0.000  0.800  0.167  0.000  0.000  0.000  0.000  0.000  1.000  0.500  0.000  0.200  0.000
 18  0.333  0.000  0.800  0.250  0.000  0.000  0.000  0.000  0.000  0.667  0.500  0.200  0.200  0.000
 19  0.222  0.355  0.000  0.000  0.000  0.000  0.000  0.400  0.222  0.000  0.000  0.000  0.000  0.000
 19  0.222  0.387  0.000  0.000  0.000  0.000  0.000  0.400  0.222  0.000  0.000  0.000  0.000  0.000
 19  0.296  0.419  0.000  0.000  0.000  0.000  0.000  0.400  0.222  0.000  0.000  0.000  0.000  0.000
 20  0.111  0.516  0.300  0.250  0.000  0.000  0.000  0.000  0.000  0.000  0.000  0.200  0.200  0.000
 20  0.111  0.516  0.300  0.250  0.000  0.000  0.000  0.000  0.000  0.000  0.000  0.200  0.200  0.000
 20  0.111  0.710  0.200  0.167  0.000  0.000  0.000  0.000  0.000  0.000  0.000  0.200  0.200  0.000
 21  0.000  0.129  0.400  0.333  0.000  0.000  0.000  0.000  0.000  0.000  0.000  0.400  0.400  0.000
 21  0.000  0.129  0.400  0.333  0.000  0.000  0.000  0.000  0.000  0.000  0.000  0.400  0.400  0.000
 21  0.037  0.484  0.000  0.917  0.000  0.000  0.000  0.000  0.000  0.000  0.000  0.000  0.200  0.000
 22  0.000  0.323  0.000  0.000  0.000  0.000  0.000  0.000  0.000  0.000  0.000  1.000  1.000  0.000
 22  0.000  0.419  0.000  0.000  0.000  0.000  0.000  0.000  0.000  0.000  0.000  1.000  1.000  0.000
 22  0.148  1.000  0.000  0.167  0.000  0.727  1.000  0.000  0.000  0.000  0.000  0.000  0.200  0.000
 23  0.000  0.000  1.000  0.833  1.000  0.000  0.000  0.000  0.000  0.000  0.000  0.000  0.000  0.000
 23  0.000  0.000  1.000  0.833  1.000  0.000  0.000  0.000  0.000  0.000  0.000  0.000  0.000  0.000
 23  0.000  0.065  0.800  0.667  1.000  0.000  0.000  0.000  0.000  0.333  0.500  0.200  0.200  0.000
 24  0.000  0.194  0.400  0.333  0.000  0.000  0.000  0.000  0.000  0.000  0.000  0.200  0.200  0.000
 24  0.000  0.323  0.300  0.250  0.000  0.000  0.000  0.000  0.000  0.000  0.000  0.200  0.200  0.000
 24  0.000  0.161  0.600  0.500  0.000  0.000  0.000  0.000  0.000  0.000  0.000  0.000  0.000  0.000
 25  0.667  0.000  0.000  0.833  0.000  0.000  0.000  0.000  0.000  0.000  0.000  0.000  0.000  0.000
 25  0.667  0.000  0.000  0.833  0.000  0.000  0.000  0.000  0.000  0.000  0.500  0.000  0.000  0.000
 25  0.815  0.000  0.000  1.000  0.000  0.000  0.000  0.000  0.000  0.000  0.000  0.000  0.000  0.000
  0  0.259  0.000  0.000  0.000  0.000  0.000  0.000  0.000  0.000  0.000  0.000  0.000  0.000  1.182
  0  0.259  0.000  0.000  0.000  0.000  0.000  0.000  0.000  0.000  0.000  0.000  0.000  0.000  1.000
  0  0.222  0.161  0.000  0.500  0.000  0.000  1.125  0.000  0.000  0.000  0.500  0.000  0.000  0.000
  1  1.000  0.452  0.200  0.167  0.000  0.727  0.000  1.000  0.000  0.667  0.000  0.000  0.400  0.000
  1  1.000  0.387  0.200  0.167  0.000  0.727  0.000  1.000  0.000  0.667  0.000  0.000  0.400  0.000
  1  0.704  0.452  0.200  0.167  0.000  0.727  0.000  1.000  0.000  0.667  0.000  0.200  0.400  0.000
  2  0.444  0.161  0.400  0.333  0.000  0.000  0.000  0.000  0.000  0.333  0.500  0.200  0.000  0.000
  2  0.481  0.258  0.200  0.167  0.000  0.000  0.000  0.000  0.000  0.333  0.500  0.200  0.000  0.000
  2  0.370  0.355  0.100  0.250  0.000  0.000  0.000  0.000  0.000  0.333  0.500  0.000  0.400  0.000
  3  0.519  0.645  0.200  0.167  0.000  0.636  0.000  0.200  0.000  0.333  0.000  0.000  0.200  0.000
  3  0.444  0.581  0.300  0.250  0.000  0.636  0.000  0.200  0.000  0.333  0.000  0.000  0.200  0.000
  3  0.519  0.645  0.100  0.083  0.000  0.636  0.000  0.200  0.000  0.333  0.000  0.000  0.200  0.000
  4  1.000  0.290  0.000  0.000  0.000  1.000  0.000  1.000  0.000  0.000  0.000  0.000  0.000  0.000
  4  0.963  0.290  0.000  0.000  0.000  1.000  0.000  1.000  0.000  0.000  0.000  0.000  0.000  0.000
  4  0.852  0.226  0.000  0.083  0.000  1.000  0.000  1.000  0.000  0.000  0.000  0.000  0.000  0.000
  5  0.778  0.323  0.000  0.000  0.000  0.364  0.000  1.000  0.000  0.000  0.000  0.000  0.000  0.000
  5  0.667  0.290  0.000  0.000  0.000  0.364  0.000  1.000  0.000  0.000  0.000  0.000  0.000  0.000
  5  0.593  0.226  0.000  0.000  0.000  0.364  0.000  1.000  0.000  0.000  0.000  0.000  0.000  0.000
  6  0.296  0.161  0.100  0.417  0.000  0.000  0.000  0.000  1.000  0.333  0.500  0.200  0.200  0.000
  6  0.296  0.194  0.300  0.333  0.000  0.000  0.000  0.000  1.000  0.333  0.500  0.200  0.200  0.000
  6  0.259  0.355  0.000  0.500  0.000  0.636  0.000  0.000  0.889  0.000  0.500  0.000  0.400  0.000
  7  0.370  0.710  0.000  0.000  0.000  0.364  0.750  0.800  0.667  0.000  0.000  0.000  0.000  0.000
  7  0.296  0.581  0.000  0.000  0.000  0.364  0.750  0.800  0.667  0.000  0.000  0.000  0.000  0.000
  7  0.222  0.548  0.000  0.000  0.000  0.364  0.750  0.800  0.667  0.000  0.000  0.000  0.000  0.000
  8  0.000  0.452  0.000  0.000  0.000  0.000  0.000  0.000  0.000  0.000  0.000  0.000  0.000  0.000
  8  0.000  0.387  0.000  0.000  0.000  0.000  0.000  0.000  0.000  0.000  0.000  0.000  0.000  0.000
  8  0.000  0.387  0.000  0.083  0.000  0.000  0.000  0.000  0.000  0.000  0.000  0.000  0.000  0.000
  9  0.037  0.419  0.100  0.000  0.000  0.000  0.000  0.000  0.000  0.000  0.000  0.000  0.000  0.000
  9  0.000  0.355  0.100  0.083  0.000  0.000  0.000  0.000  0.000  0.000  0.000  0.000  0.200  0.000
  9  0.000  0.290  0.000  0.250  0.000  0.000  0.000  0.000  0.000  0.000  0.000  0.000  0.200  0.000
 10  0.000  0.355  0.400  0.500  0.000  0.364  0.000  0.800  0.000  0.000  0.000  0.200  0.000  0.000
 10  0.111  0.290  0.500  0.500  0.000  0.364  0.000  0.800  0.000  0.000  0.500  0.200  0.000  0.000
 10  0.000  0.194  0.600  0.583  0.000  0.364  0.000  0.000  0.000  0.000  0.000  0.000  0.000  0.000
 11  0.333  0.419  0.000  0.000  0.000  0.636  0.000  0.000  0.000  0.000  0.000  0.000  0.000  0.000
 11  0.296  0.387  0.000  0.000  0.000  0.636  0.000  0.000  0.000  0.000  0.000  0.000  0.000  0.000
 11  0.296  0.387  0.000  0.083  0.000  0.636  0.000  0.000  0.000  0.000  0.000  0.000  0.000  0.000
 12  0.000  1.000  0.200  0.167  0.000  0.000  0.000  0.000  0.000  0.000  0.000  0.600  0.600  0.000
 12  0.000  0.935  0.200  0.167  0.000  0.000  0.000  0.000  0.000  0.000  0.000  0.600  0.600  0.000
 12  0.000  0.710  0.300  0.250  0.000  0.000  0.000  0.000  0.000  0.000  0.000  0.000  0.000  0.000
 13  0.000  0.774  0.200  0.000  0.000  0.000  0.000  0.000  0.000  0.000  0.000  0.000  0.000  0.000
 13  0.000  0.710  0.200  0.000  0.000  0.000  0.000  0.000  0.000  0.000  0.000  0.000  0.000  0.000
 13  0.000  0.677  0.200  0.000  0.000  0.000  0.000  0.000  0.000  0.000  0.000  0.000  0.000  0.000
 14  0.296  0.323  0.600  0.500  0.000  0.000  0.000  0.000  0.000  0.333  0.500  0.200  0.200  0.000
 14  0.444  0.452  0.400  0.333  0.000  0.000  0.000  0.000  0.000  0.333  0.500  0.200  0.200  0.000
 14  0.296  0.387  0.400  0.333  0.000  0.000  0.000  0.000  0.000  0.333  0.500  0.200  0.200  0.000
 15  0.593  0.419  0.100  0.083  0.000  0.364  0.000  1.000  0.000  0.333  0.000  0.000  0.200  0.000
 15  0.593  0.387  0.100  0.083  0.000  0.364  0.000  1.000  0.000  0.333  0.000  0.000  0.200  0.000
 15  0.519  0.290  0.100  0.083  0.000  0.364  0.000  1.000  0.000  0.333  0.000  0.000  0.200  0.000
 16  0.296  0.323  0.700  0.417  1.800  0.000  0.000  0.000  0.000  0.333  0.500  0.200  0.200  0.000
 16  0.333  0.452  0.400  0.333  0.000  0.000  0.000  0.000  1.000  0.333  0.500  0.200  0.200  0.000
 16  0.222  0.323  0.400  0.333  0.000  0.000  0.000  1.600  0.889  0.333  0.500  0.200  0.200  0.000
 17  0.593  0.548  0.200  0.083  0.000  0.364  0.000  1.000  0.000  0.667  0.000  0.000  0.200  0.000
 17  0.481  0.387  0.600  0.083  0.000  0.364  0.000  1.000  0.000  0.333  0.000  0.000  0.200  0.000
 17  0.407  0.290  0.700  0.083  0.000  0.364  0.000  1.000  0.000  0.333  0.000  0.000  0.200  0.000
 18  0.370  0.032  0.800  0.167  0.000  0.000  0.000  0.000  0.000  0.667  0.500  0.200  0.200  0.000
 18  0.333  0.000  0.600  0.250  0.000  0.000  0.000  0.000  0.000  1.000  0.500  0.200  0.200  0.000
 18  0.444  0.032  0.300  0.000  0.000  0.000  0.000  0.000  0.000  0.000  0.000  0.400  0.200  0.000
 19  0.296  0.419  0.000  0.000  0.000  0.000  0.000  0.400  0.222  0.000  0.000  0.000  0.000  0.000
 19  0.222  0.387  0.000  0.000  0.000  0.000  0.000  0.400  0.222  0.000  0.000  0.000  0.000  0.000
 19  0.296  0.387  0.000  0.000  0.000  0.000  0.000  0.400  0.222  0.000  0.000  0.000  0.000  0.000
 20  0.148  0.710  0.200  0.167  0.000  0.000  0.000  0.000  0.000  0.000  0.000  0.200  0.200  0.000
 20  0.111  0.516  0.300  0.250  0.000  0.000  0.000  0.000  0.000  0.000  0.000  0.200  0.200  0.000
 20  0.000  0.645  0.000  0.417  0.000  0.000  0.000  0.000  0.000  0.000  0.000  0.000  0.000  0.000
 21  0.000  0.129  0.400  0.333  0.000  0.000  0.000  0.000  0.000  0.000  0.000  0.600  0.600  0.000
 21  0.000  0.129  0.400  0.333  0.000  0.000  0.000  0.000  0.000  0.000  0.000  0.400  0.400  0.000
 21  0.000  0.355  0.000  0.833  0.000  0.000  0.000  0.000  0.000  0.000  0.000  0.000  0.200  0.000
 22  0.000  0.516  0.000  0.000  0.000  0.000  0.000  0.000  0.000  0.000  0.000  1.200  1.200  0.000
 22  0.000  0.387  0.000  0.000  0.000  0.000  0.000  0.000  0.000  0.000  0.000  1.000  1.000  0.000
 22  0.000  0.484  0.100  0.583  0.000  0.000  0.000  0.000  0.000  0.000  0.000  0.000  0.200  0.000
 23  0.000  0.000  1.000  0.833  1.000  0.000  0.000  0.000  0.000  0.000  0.000  0.200  0.200  0.000
 23  0.000  0.000  1.000  0.833  1.000  0.000  0.000  0.000  0.000  0.000  0.000  0.000  0.000  0.000
 23  0.000  0.000  1.200  1.083  1.000  0.000  0.000  0.000  0.000  0.000  0.000  0.000  0.000  0.000
 24  0.000  0.194  0.600  0.500  0.000  0.000  0.000  0.000  0.000  0.000  0.000  0.000  0.000  0.000
 24  0.000  0.194  0.600  0.500  0.000  0.000  0.000  0.000  0.000  0.000  0.000  0.000  0.000  0.000
 24  0.074  0.484  0.100  0.417  0.000  0.000  0.000  0.000  0.000  0.000  0.000  0.000  0.200  0.000
 25  0.741  0.000  0.000  0.833  0.000  0.000  0.000  0.000  0.000  0.000  0.000  0.000  0.000  0.000
 25  0.593  0.000  0.000  1.000  0.000  0.000  0.000  0.000  0.000  0.000  0.500  0.000  0.000  0.000
 25  0.667  0.000  0.000  1.000  0.000  0.000  0.000  0.000  0.000  0.000  0.000  0.000  0.000  0.000

