 -0.342175 -0.819880  0.806681 -0.226504  0.947653  0.657399  0.429830
  0.036361  0.211515  0.134440 -0.108216  0.146058 -0.079001 -0.391568
  0.840050  0.710618  0.091498  0.470063 -0.811642 -0.064246 -0.492581
  0.835785  0.809286  0.014828  0.084635  0.629318 -0.356320 -0.443786
 -0.938392  0.786565 -0.041091 -0.280567  0.966685 -0.234410  0.492929
  0.914338 -0.577011 -0.077241 -0.049301  0.634504 -0.942801  0.842483
 -0.219438 -0.021802 -0.549085 -0.379387 -0.311184  0.542413 -0.909325
 -0.122826 -0.521833 -0.401906 -0.287041 -0.712547  0.612922  0.797594
  0.916772 -0.743398 -0.646192  0.978380 -0.956833  0.312717 -0.302187
 -0.990148 -0.921693 -0.809258  0.924190 -0.498704  0.113501 -0.125112
 -0.864199  0.170700 -0.282628 -0.083637 -0.851102  0.168287  0.536975
 -0.162285 -0.289300  0.627651  0.714889  0.188866 -0.774255 -0.572152
  0.476319  0.838667 -0.774558  0.393091 -0.904731 -0.420750  0.371471
 -0.861565  0.891968 -0.930716 -0.851713  0.970275 -0.739974 -0.927523
 -0.528429  0.373527 -0.052635 -0.392628 -0.455773  0.664737  0.523735
 -0.306874 -0.166976  0.060710  0.530840  0.543723 -0.311639  0.245729
 -0.267410 -0.085894  0.673577 -0.791091 -0.247227  0.899019  0.602000
 -0.151959 -0.521730 -0.026529 -0.013523 -0.629763  0.042755  0.134764
 -0.659488  0.302781  0.207240 -0.187917 -0.323692 -0.845394  0.419455
  0.220536  0.819342 -0.056810  0.913661 -0.347634 -0.996100  0.444502
 -0.803910 -0.307739 -0.309769 -0.071321  0.606367 -0.636191  0.137588
 -0.640860 -0.737172 -0.260412  0.207181 -0.258902  0.713059 -0.806342
  0.111335 -0.244185  0.328421  0.451847 -0.941404 -0.464338 -0.736069
 -0.265096 -0.309733  0.683386  0.955440 -0.490390 -0.373424  0.869101
  0.161976 -0.369523  0.313603  0.358065  0.322738 -0.996166 -0.713255
 -0.070895 -0.632357  0.424333  0.288245 -0.369529 -0.836079 -0.504574
  0.371568  0.876981 -0.310917 -0.517097 -0.367205 -0.982495  0.934750
 -0.308609 -0.446834 -0.801319  0.426296  0.243434  0.882067  0.381736
  0.753043 -0.491356  0.250837 -0.084981  0.139120 -0.435560 -0.726915
 -0.538142 -0.431725 -0.440170  0.390963 -0.064083  0.984163 -0.320792
  0.566388 -0.851916  0.174634 -0.062044 -0.974936  0.863717  0.420860
 -0.342140  0.881222  0.355610  0.349251 -0.565612  0.554291 -0.224453
  0.677822  0.436358 -0.842717  0.430865  0.945002  0.408120 -0.654116
  0.084122  0.972561 -0.381031  0.545980 -0.459165  0.178799 -0.063056
  0.476752  0.162962  0.616152  0.043140  0.311045 -0.209214  0.981096
  0.336110 -0.345497  0.401956  0.993970 -0.464275 -0.242434  0.343221
 -0.029887 -0.688143 -0.881232 -0.352066  0.748216 -0.723949 -0.921201
  0.693218  0.684171 -0.575316 -0.222660  0.656731  0.043653 -0.676680
 -0.802433 -0.777548  0.260264  0.674319  0.385414 -0.123584 -0.282541
 -0.303541  0.667202 -0.301444 -0.967431 -0.678295 -0.899488 -0.973462
 -0.142571 -0.141922  0.369759  0.827542  0.169935  0.488526 -0.524524
 -0.081850  0.764577 -0.445725 -0.388632  0.448748 -0.021041  0.388707
  0.105479 -0.977388  0.712027  0.303046 -0.754936 -0.027709 -0.022635
  0.630478  0.848707  0.694824 -0.673063  0.515909 -0.606621 -0.640495
  0.837613 -0.506109 -0.613957 -0.304957  0.351968  0.755802 -0.477415
 -0.478097  0.244328 -0.001939  0.440053  0.008905  0.552337 -0.948579
 -0.542347 -0.468704  0.440129  0.563132 -0.446092  0.152156 -0.133823
 -0.201028 -0.875553  0.843542 -0.570550  0.973154  0.538366 -0.243614
  0.489062  0.931745  0.115892  0.326676 -0.574364  0.501935 -0.978282
  0.777604  0.257737 -0.455697 -0.700493 -0.497935  0.542364  0.739561
  0.510970  0.094701  0.790982  0.968623  0.625996  0.231110  0.531755
 -0.820096 -0.616734 -0.602068 -0.021124 -0.492287 -0.758526  0.408326
 -0.519133  0.779840 -0.835287  0.969929  0.711585  0.280604  0.296605
 -0.862779 -0.217461  0.318323  0.914825 -0.959724  0.862626 -0.785668
 -0.457659  0.404990  0.953893 -0.946689 -0.500309  0.744875 -0.978066
 -0.874313 -0.024015  0.553689 -0.694408  0.359251
0 iterations
Random weights above
==============================================
